 7 10  6  3  8  5 10  2  7  2  3  6 
 7 10  6  8 10  5 10  4  9  3  4 10 
 2  7  6  3  8  1  3  2  6  2  3  3 
 2  3  6  1  5  1  3  2  2  2  3  3 
 2  3  4  1  5  1  3  2  2  2  3  3 
 2  3  4  4  8  5  3  6  6  2  9  3 
 2  3  4  3  8  5  3  4  6  2  1  2 
10  9  4  3  8  5  4  6  6  7  4  2 
10  9  4  4  8  5  9 10  6 10  9  8 
 8  6  4  1  8  5  2  8  6  8  2  5 
 1  3  4  1  8  5  2  2  3  2  1  2 
 3  5 10  5  8  9  5  3  9  2  5  4 
 1  2  1  1  4  5  2  2  3  2  1  2 
 1  2  1  1  4  5  2  2  3  2  1  2 
 1  2  1  1  3  1  2  2  2  1  1  1 
 8  3  4  7  8  8  5  7  7  7  9  8 
10 10  4 10  8  8  5  9  7  7  9 10 
 3  9  4  7  6  3  5  9  7  7  5 10 
 2  7  2  3  3  1  2  2  6  2  3  3 
 6  7  3 10  3  3  8  2  6  6  3  7