 0 0,647 0,544 0,426 0,765 0,853 0,603 0,824 0,721 0,647 0,824 0,515 0,618 0,397 0,5
 0,5 0 0,544 0,441 0,574 0,75 0,412 0,603 0,691 0,529 0,544 0,647 0,647 0,279 0,441
 0,603 0,559 0 0,574 0,603 0,721 0,441 0,588 0,662 0,559 0,471 0,75 0,647 0,338 0,485
 0,574 0,559 0,471 0 0,794 0,618 0,544 0,676 0,441 0,603 0,662 0,471 0,574 0,441 0,544
 0,265 0,426 0,485 0,485 0 0,397 0,279 0,544 0,338 0,265 0,485 0,529 0,279 0,265 0,368
 0,279 0,485 0,426 0,382 0,603 0 0,338 0,485 0,324 0,191 0,412 0,412 0,309 0,103 0,279
 0,485 0,632 0,559 0,794 0,735 0,853 0 0,794 0,794 0,588 0,75 0,735 0,838 0,441 0,412
 0,176 0,5 0,574 0,588 0,588 0,662 0,544 0 0,485 0,353 0,647 0,529 0,632 0,235 0,382
 0,5 0,412 0,618 0,588 0,706 0,809 0,559 0,794 0 0,632 0,676 0,603 0,691 0,176 0,279
 0,485 0,544 0,441 0,603 0,809 0,809 0,515 0,647 0,5 0 0,515 0,603 0,559 0,338 0,191
 0,412 0,456 0,676 0,559 0,853 0,588 0,353 0,588 0,471 0,5 0 0,588 0,721 0,221 0,382
 0,485 0,559 0,324 0,559 0,618 0,676 0,265 0,574 0,426 0,397 0,412 0 0,588 0,132 0,382
 0,529 0,559 0,676 0,515 0,721 0,794 0,25 0,529 0,456 0,603 0,471 0,735 0 0,206 0,368
 0,603 0,721 0,691 0,735 0,882 0,897 0,809 0,794 0,897 0,721 0,794 0,897 0,809 0 0,662
 0,632 0,662 0,662 0,559 0,632 0,721 0,618 0,721 0,824 0,809 0,618 0,662 0,676 0,5 0
