 1 0,444 0,444 0,667 0,167 0,444 0,889 0,889 0,889 0,556 0,778 0,233 0,556 1 1
 0,667 1 0,622 0,467 0,267 0,444 0,889 0,889 0,889 0,556 0,778 0,544 0,556 1 1
 1 0,6 1 0,667 0,375 0,5 0,667 0,444 0,444 0,7 0,333 0,389 0,311 0,667 0,8
 0,625 0,417 0,333 1 0,556 0,333 0,778 0,778 0,778 0,444 0,667 0,389 0,444 0,889 0,889
 0,5 0,667 0,7 0,889 1 0,333 0,889 0,778 0,778 0,467 0,667 0,622 0,444 0,889 0,889
 0,533 0,778 0,622 1 0,333 1 1 0,467 0,444 0,389 0,533 0,544 0,467 1 0,556
 0,5 0,278 0,444 0,286 0,333 0,5 1 0,238 0,238 0,375 0,259 0,556 0,833 0,467 0,4
 0,5 0,778 0,467 1 0,222 0,194 1 1 0,333 0,4 0,333 0,311 0,333 1 0,556
 0,75 0,444 0,778 0,667 0,556 0,259 0,667 0,762 1 0,389 0,857 0,667 0,857 0,667 0,4
 0,6 0,556 0,333 0,778 0,556 0,389 0,778 0,533 0,333 1 0,6 0,556 0,533 0,778 0,444
 0,625 0,444 0,778 0,667 0,556 0,194 0,667 0,111 0,311 0,5 1 0,556 0,625 0,667 0,5
 0,7 0,667 0,267 0,889 0,333 0,3 0,889 0,667 0,667 0,6 0,556 1 0,467 0,889 0,778
 1 0,6 0,889 0,667 0,375 0,5 0,667 0,333 0,4 0,875 0,311 0,681 1 0,667 0,8
 0,583 0,125 1 0,778 0,333 0,111 0,571 0,571 0,222 0,583 0,667 0,889 0,571 1 0,681
 0,643 0,467 0,889 0,444 0,268 0,375 0,544 0,536 0,625 0,5 0,643 0,667 0,75 0,544 1
